             max     1200m     600m     300m     150m     75m     37.5m     20m      10m 

    1.     106.900  106.357  105.243  103.120  100.318   97.385   94.636   92.181   89.976
    2.     100.879  100.326   98.981   96.331   92.913   89.407   86.080   83.091   80.275
    3.      97.358   96.797   95.296   92.298   88.495   84.623   80.898   77.530   74.166
    4.      94.859   94.289   92.660   89.384   85.279   81.110   77.049   73.355   69.518
    5.      92.921   92.340   90.596   87.077   82.714   78.287   73.942   69.921   65.699
    6.      91.337   90.743   88.888   85.147   80.555   75.901   71.318   66.958   62.436
    7.      89.998   89.390   87.424   83.473   78.672   73.818   69.040   64.332   59.648
    8.      88.838   88.212   86.135   81.983   76.990   71.961   67.024   62.166   57.462
    9.      87.815   87.170   84.977   80.630   75.462   70.280   65.216   60.276   55.541
   10.      86.900   86.232   83.920   79.383   74.055   68.742   63.577   58.580   53.831
   11.      86.072   85.380   82.942   78.221   72.747   67.322   62.078   57.043   52.292
   12.      85.316   84.597   82.029   77.128   71.522   66.002   60.699   55.641   50.898
   13.      84.621   83.871   81.168   76.093   70.367   64.768   59.421   54.353   49.627
   14.      83.977   83.195   80.350   75.106   69.273   63.609   58.232   53.165   48.461
   15.      83.378   82.560   79.568   74.161   68.232   62.516   57.120   52.062   47.388
   16.      82.818   81.962   78.817   73.252   67.238   61.482   56.077   51.037   46.396
   17.      82.291   81.394   78.093   72.376   66.286   60.500   55.096   50.078   45.476
   18.      81.795   80.854   77.391   71.528   65.373   59.565   54.169   49.181   44.620
   19.      81.325   80.339   76.708   70.706   64.494   58.674   53.292   48.338   43.824
   20.      80.879   79.844   76.042   69.907   63.646   57.821   52.461   47.545   43.080
   25.      78.941   77.620   72.907   66.201   59.802   54.039   48.853   44.183   40.004
   30.      77.358   75.675   69.995   62.874   56.472   50.878   45.946   41.577   37.729
   35.      76.019   73.887   67.239   59.850   53.544   48.183   43.545   39.504   36.004
   40.      74.859   72.176   64.619   57.096   50.957   45.863   41.534   37.822   34.667
   45.      73.836   70.489   62.136   54.596   48.669   43.857   39.833   36.437   33.609
   50.      72.921   68.796   59.801   52.335   46.649   42.117   38.381   35.278   32.751
   55.      72.093   67.087   57.618   50.299   44.866   40.602   37.133   34.294   32.037
   60.      71.337   65.366   55.592   48.468   43.290   39.275   36.047   33.444   31.426
   65.      70.642   63.647   53.718   46.823   41.892   38.106   35.092   32.695   30.888
   70.      69.998   61.947   51.990   45.341   40.643   37.065   34.240   32.023   30.399
   75.      69.399   60.281   50.396   44.000   39.521   36.128   33.470   31.408   29.944
   80.      68.838   58.662   48.925   42.780   38.503   35.274   32.762   30.836   29.509
   85.      68.312   57.098   47.565   41.663   37.570   34.488   32.103   30.294   29.085
   90.      67.815   55.595   46.302   40.633   36.706   33.755   31.482   29.773   28.666
   95.      67.346   54.155   45.125   39.675   35.899   33.063   30.888   29.267   28.247
  100.      66.900   52.777   44.023   38.778   35.138   32.404   30.315   28.770   27.826
  110.      66.072   50.201   42.005   37.126   33.719   31.156   29.209   27.790   26.967
  120.      65.316   47.843   40.184   35.615   32.396   29.970   28.135   26.814   26.083
  130.      64.621   45.674   38.509   34.202   31.137   28.818   27.073   25.831   25.173
  140.      63.977   43.666   36.945   32.858   29.918   27.688   26.015   24.838   24.238
  150.      63.378   41.794   35.467   31.564   28.727   26.569   24.955   23.834   23.282
  160.      62.818   40.036   34.055   30.307   27.556   25.457   23.893   22.818   22.307
  170.      62.291   38.374   32.697   29.080   26.401   24.351   22.828   21.793   21.316
  180.      61.795   36.794   31.383   27.878   25.258   23.249   21.761   20.761   20.312
  190.      61.325   35.285   30.106   26.696   24.127   22.153   20.695   19.724   19.299
  200.      60.879   33.837   28.861   25.534   23.008   21.063   19.630   18.684   18.279
  225.      59.856   30.439   25.871   22.703   20.260   18.372   16.987   16.089   15.719
  250.      58.941   27.296   23.026   19.971   17.586   15.738   14.386   13.522   13.173
  275.      58.113   24.352   20.304   17.332   14.990   13.170   11.841   11.000   10.667
  300.      57.358   21.568   17.690   14.780   12.469   10.669    9.358    8.533    8.211
  325.      56.662   18.915   15.167   12.304   10.017    8.234    6.935    6.122    5.809
  350.      56.019   16.367   12.722    9.896    7.627    5.856    4.567    3.763    3.457
  375.      55.419   13.904   10.341    7.544    5.290    3.528    2.247    1.449    1.150
  400.      54.859   11.508    8.010    5.237    2.994    1.240   -0.035   -0.827   -1.122
  425.      54.332    9.161    5.718    2.963    0.730   -1.018   -2.288   -3.076   -3.366
  450.      53.836    6.851    3.452    0.713   -1.512   -3.255   -4.521   -5.306   -5.593
  475.      53.366    4.563    1.202   -1.524   -3.743   -5.482   -6.744   -7.526   -7.810
  500.      52.921    2.289   -1.041   -3.757   -5.970   -7.705   -8.965   -9.744  -10.026
  525.      52.497    0.018   -3.286   -5.992   -8.201   -9.933  -11.190  -11.967  -12.248
  550.      52.093   -2.257   -5.538   -8.236  -10.441  -12.171  -13.426  -14.202  -14.480
  575.      51.707   -4.541   -7.803  -10.494  -12.695  -14.423  -15.677  -16.451  -16.728
  600.      51.337   -6.838  -10.083  -12.768  -14.967  -16.693  -17.945  -18.717  -18.993
  625.      50.982   -9.150  -12.381  -15.061  -17.257  -18.981  -20.232  -21.004  -21.278
  650.      50.642  -11.479  -14.696  -17.372  -19.566  -21.288  -22.538  -23.309  -23.582
  675.      50.314  -13.821  -17.027  -19.699  -21.891  -23.612  -24.861  -25.631  -25.904
  700.      49.998  -16.175  -19.371  -22.040  -24.230  -25.950  -27.198  -27.967  -28.239
  725.      49.693  -18.536  -21.724  -24.389  -26.578  -28.297  -29.545  -30.313  -30.584
  750.      49.399  -20.899  -24.079  -26.742  -28.929  -30.648  -31.894  -32.662  -32.933
  775.      49.114  -23.257  -26.430  -29.090  -31.276  -32.994  -34.240  -35.007  -35.277
  800.      48.838  -25.602  -28.768  -31.426  -33.611  -35.328  -36.573  -37.340  -37.610
  825.      48.571  -27.924  -31.084  -33.740  -35.925  -37.641  -38.886  -39.652  -39.922
  850.      48.312  -30.215  -33.370  -36.024  -38.207  -39.923  -41.168  -41.933  -42.203
  875.      48.060  -32.464  -35.614  -38.267  -40.450  -42.165  -43.409  -44.174  -44.443
  900.      47.815  -34.662  -37.808  -40.459  -42.641  -44.356  -45.600  -46.365  -46.633
  925.      47.577  -36.798  -39.941  -42.591  -44.772  -46.486  -47.730  -48.494  -48.763
  950.      47.346  -38.864  -42.003  -44.652  -46.833  -48.547  -49.790  -50.554  -50.822
  975.      47.120  -40.851  -43.987  -46.635  -48.815  -50.528  -51.771  -52.535  -52.803
 1000.      46.900  -42.751  -45.884  -48.531  -50.710  -52.424  -53.666  -54.430  -54.698