             max     1200m     600m     300m     150m     75m     37.5m     20m      10m 

    1.     106.900  106.629  106.007  104.591  102.345   99.699   97.076   94.892   92.788
    2.     100.879  100.542   99.622   97.503   94.401   91.033   87.816   85.130   82.390
    3.      97.358   96.974   95.829   93.221   89.602   85.816   82.230   79.199   76.031
    4.      94.859   94.437   93.101   90.104   86.105   82.004   78.119   74.801   71.287
    5.      92.921   92.465   90.956   87.625   83.315   78.950   74.808   71.245   67.459
    6.      91.337   90.848   89.173   85.543   80.963   76.367   72.001   68.233   64.233
    7.      89.998   89.475   87.637   83.727   78.907   74.107   69.545   65.608   61.442
    8.      88.838   88.279   86.274   82.101   77.064   72.083   67.353   63.277   58.981
    9.      87.815   87.217   85.040   80.614   75.382   70.241   65.368   61.178   56.781
   10.      86.900   86.259   83.902   79.235   73.827   68.547   63.553   59.270   54.794
   11.      86.072   85.382   82.838   77.942   72.376   66.974   61.879   57.520   52.982
   12.      85.316   84.572   81.832   76.718   71.013   65.506   60.326   55.907   51.320
   13.      84.621   83.816   80.872   75.555   69.726   64.129   58.878   54.410   49.785
   14.      83.977   83.103   79.950   74.443   68.505   62.833   57.523   53.016   48.361
   15.      83.378   82.428   79.059   73.377   67.345   61.608   56.251   51.712   47.035
   16.      82.818   81.783   78.196   72.354   66.240   60.449   55.052   50.488   45.794
   17.      82.291   81.193   77.358   71.369   65.184   59.348   53.919   49.336   44.630
   18.      81.795   80.637   76.542   70.420   64.174   58.300   52.846   48.249   43.535
   19.      81.325   80.104   75.747   69.506   63.207   57.302   51.828   47.220   42.502
   20.      80.879   79.591   74.987   68.623   62.279   56.349   50.860   46.246   41.527
   25.      78.941   77.239   71.455   64.629   58.144   52.150   46.640   42.033   37.346
   30.      77.358   75.108   68.237   61.210   54.670   48.682   43.212   38.661   34.052
   35.      76.019   73.200   65.349   58.225   51.677   45.739   40.350   35.890   31.393
   40.      74.859   71.296   62.793   55.568   49.043   43.185   37.907   33.564   29.207
   45.      73.836   69.318   60.456   53.158   46.680   40.927   35.785   31.579   27.383
   50.      72.921   67.213   58.287   50.940   44.527   38.900   33.912   29.860   25.843
   55.      72.093   64.966   56.248   48.871   42.543   37.057   32.239   28.352   24.524
   60.      71.337   62.835   54.311   46.924   40.697   35.366   30.728   27.014   23.382
   65.      70.642   61.203   52.456   45.081   38.970   33.803   29.351   25.814   22.380
   70.      69.998   59.607   50.672   43.329   37.348   32.352   28.089   24.729   21.491
   75.      69.399   58.041   48.950   41.661   35.819   30.999   26.924   23.738   20.692
   80.      68.838   56.497   47.286   40.071   34.377   29.733   25.843   22.826   19.965
   85.      68.312   54.975   45.677   38.554   33.016   28.546   24.836   21.981   19.295
   90.      67.815   53.471   44.122   37.108   31.728   27.430   23.893   21.192   18.671
   95.      67.346   51.988   42.620   35.730   30.510   26.378   23.005   20.450   18.085
  100.      66.900   50.527   41.172   34.416   29.356   25.384   22.167   19.748   17.527
  110.      66.072   47.675   38.431   31.969   27.220   23.546   20.613   18.440   16.476
  120.      65.316   44.932   35.891   29.739   25.284   21.876   19.189   17.228   15.482
  130.      64.621   42.310   33.539   27.699   23.512   20.338   17.865   16.084   14.522
  140.      63.977   39.815   31.358   25.820   21.876   18.906   16.614   14.987   13.581
  150.      63.378   37.449   29.331   24.076   20.349   17.555   15.419   13.922   12.649
  160.      62.818   35.210   27.438   22.447   18.911   16.269   14.265   12.880   11.721
  170.      62.291   33.091   25.663   20.911   17.544   15.033   13.143   11.853   10.792
  180.      61.795   31.086   23.989   19.455   16.235   13.837   12.045   10.837    9.862
  190.      61.325   29.185   22.404   18.065   14.974   12.674   10.965    9.828    8.930
  200.      60.879   27.380   20.895   16.731   13.753   11.538    9.901    8.825    7.994
  225.      59.856   23.230   17.392   13.589   10.837    8.788    7.292    6.338    5.644
  250.      58.941   19.503   14.188   10.656    8.069    6.139    4.744    3.878    3.288
  275.      58.113   16.105   11.207    7.880    5.415    3.572    2.250    1.448    0.937
  300.      57.358   12.965    8.396    5.227    2.853    1.075   -0.192   -0.946   -1.396
  325.      56.662   10.029    5.723    2.676    0.372   -1.357   -2.583   -3.301   -3.705
  350.      56.019    7.256    3.160    0.209   -2.040   -3.731   -4.926   -5.616   -5.985
  375.      55.419    4.614    0.688   -2.187   -4.393   -6.054   -7.224   -7.892   -8.235
  400.      54.859    2.079   -1.709   -4.523   -6.695   -8.332   -9.483  -10.134  -10.456
  425.      54.332   -0.372   -4.046   -6.810   -8.954  -10.572  -11.708  -12.345  -12.651
  450.      53.836   -2.755   -6.335   -9.059  -11.180  -12.782  -13.905  -14.532  -14.825
  475.      53.366   -5.086   -8.588  -11.278  -13.380  -14.970  -16.082  -16.700  -16.983
  500.      52.921   -7.378  -10.814  -13.476  -15.562  -17.141  -18.245  -18.856  -19.130
  525.      52.497   -9.642  -13.022  -15.660  -17.734  -19.304  -20.400  -21.005  -21.273
  550.      52.093  -11.888  -15.220  -17.838  -19.900  -21.463  -22.553  -23.153  -23.415
  575.      51.707  -14.122  -17.414  -20.015  -22.068  -23.623  -24.708  -25.304  -25.562
  600.      51.337  -16.353  -19.610  -22.195  -24.240  -25.790  -26.871  -27.463  -27.716
  625.      50.982  -18.584  -21.810  -24.383  -26.420  -27.966  -29.043  -29.632  -29.882
  650.      50.642  -20.818  -24.018  -26.579  -28.611  -30.152  -31.226  -31.812  -32.059
  675.      50.314  -23.057  -26.234  -28.786  -30.812  -32.350  -33.420  -34.004  -34.249
  700.      49.998  -25.302  -28.459  -31.002  -33.023  -34.558  -35.626  -36.208  -36.450
  725.      49.693  -27.551  -30.690  -33.225  -35.243  -36.774  -37.840  -38.420  -38.661
  750.      49.399  -29.801  -32.924  -35.452  -37.466  -38.995  -40.059  -40.638  -40.877
  775.      49.114  -32.049  -35.157  -37.679  -39.690  -41.217  -42.279  -42.856  -43.093
  800.      48.838  -34.287  -37.383  -39.900  -41.908  -43.433  -44.493  -45.069  -45.305
  825.      48.571  -36.511  -39.595  -42.108  -44.113  -45.636  -46.695  -47.270  -47.505
  850.      48.312  -38.712  -41.786  -44.294  -46.297  -47.819  -48.877  -49.450  -49.684
  875.      48.060  -40.883  -43.947  -46.452  -48.452  -49.973  -51.029  -51.602  -51.835
  900.      47.815  -43.014  -46.070  -48.571  -50.570  -52.089  -53.144  -53.716  -53.948
  925.      47.577  -45.097  -48.145  -50.643  -52.640  -54.158  -55.213  -55.784  -56.015
  950.      47.346  -47.122  -50.163  -52.658  -54.654  -56.171  -57.225  -57.795  -58.026
  975.      47.120  -49.081  -52.116  -54.609  -56.603  -58.119  -59.172  -59.742  -59.971
 1000.      46.900  -50.966  -53.995  -56.485  -58.478  -59.993  -61.045  -61.615  -61.844