             max     1200m     600m     300m     150m     75m     37.5m     20m      10m 

    1.     106.900  106.357  105.243  103.120  100.318   97.385   94.636   92.181   89.976
    2.     100.879  100.285   98.858   96.120   92.674   89.208   86.001   83.091   80.275
    3.      97.358   96.731   95.096   91.969   88.143   84.350   80.823   77.530   74.166
    4.      94.859   94.208   92.412   88.993   84.885   80.831   77.015   73.355   69.518
    5.      92.921   92.250   90.320   86.660   82.314   78.021   73.925   69.921   65.699
    6.      91.337   90.649   88.600   84.727   80.163   75.641   71.272   66.958   62.436
    7.      89.998   89.294   87.135   83.063   78.292   73.542   68.916   64.332   59.580
    8.      88.838   88.119   85.853   81.589   76.613   71.642   66.778   61.967   57.041
    9.      87.815   87.080   84.707   80.252   75.073   69.890   64.813   59.814   54.756
   10.      86.900   86.148   83.666   79.018   73.638   68.255   62.990   57.838   52.680
   11.      86.072   85.301   82.704   77.859   72.284   66.716   61.289   56.013   50.778
   12.      85.316   84.525   81.805   76.760   70.996   65.286   59.746   54.364   49.180
   13.      84.621   83.807   80.954   75.706   69.789   63.988   58.367   52.947   47.759
   14.      83.977   83.136   80.141   74.690   68.664   62.759   57.074   51.630   46.447
   15.      83.378   82.506   79.358   73.727   67.584   61.591   55.857   50.401   45.231
   16.      82.818   81.910   78.597   72.807   66.544   60.477   54.708   49.251   44.100
   17.      82.291   81.343   77.861   71.912   65.541   59.412   53.621   48.170   43.044
   18.      81.795   80.801   77.159   71.038   64.569   58.393   52.589   47.152   42.057
   19.      81.325   80.289   76.469   70.183   63.628   57.415   51.608   46.191   41.130
   20.      80.879   79.796   75.791   69.345   62.715   56.475   50.674   45.283   40.259
   25.      78.941   77.546   72.496   65.373   58.520   52.272   46.584   41.383   36.594
   30.      77.358   75.494   69.304   61.735   54.852   48.733   43.255   38.310   33.803
   35.      76.019   73.502   66.224   58.418   51.624   45.712   40.493   35.836   31.635
   40.      74.859   71.501   63.332   55.405   48.774   43.107   38.169   33.812   29.923
   45.      73.836   69.469   60.747   52.676   46.248   40.844   36.192   32.133   28.551
   50.      72.921   67.414   58.301   50.206   44.002   38.865   34.494   30.721   27.432
   55.      72.093   65.360   55.958   47.967   41.999   37.122   33.018   29.516   26.500
   60.      71.337   63.382   53.684   45.934   40.203   35.575   31.722   28.470   25.707
   65.      70.642   61.540   51.458   44.083   38.584   34.191   30.570   27.547   25.015
   70.      69.998   59.705   49.441   42.390   37.115   32.941   29.533   26.718   24.394
   75.      69.399   57.866   47.670   40.835   35.773   31.800   28.587   25.960   23.823
   80.      68.838   56.017   46.017   39.398   34.537   30.749   27.712   25.255   23.285
   85.      68.312   54.155   44.469   38.062   33.389   29.771   26.892   24.588   22.768
   90.      67.815   52.391   43.014   36.812   32.314   28.851   26.116   23.949   22.263
   95.      67.346   50.805   41.641   35.637   31.300   27.978   25.373   23.329   21.762
  100.      66.900   49.282   40.340   34.524   30.337   27.142   24.655   22.721   21.262
  110.      66.072   46.410   37.919   32.450   28.527   25.555   23.270   21.527   20.249
  120.      65.316   43.745   35.696   30.533   26.834   24.046   21.927   20.340   19.211
  130.      64.621   41.260   33.627   28.732   25.222   22.587   20.605   19.149   18.142
  140.      63.977   38.929   31.680   27.019   23.668   21.162   19.295   17.947   17.044
  150.      63.378   36.732   29.834   25.375   22.160   19.762   17.991   16.734   15.919
  160.      62.818   34.653   28.070   23.788   20.689   18.381   16.691   15.513   14.773
  170.      62.291   32.677   26.378   22.249   19.249   17.019   15.398   14.286   13.611
  180.      61.795   30.792   24.748   20.752   17.838   15.674   14.112   13.057   12.437
  190.      61.325   28.991   23.174   19.295   16.455   14.347   12.836   11.831   11.259
  200.      60.879   27.264   21.651   17.874   15.098   13.040   11.572   10.609   10.079
  225.      59.856   23.232   18.041   14.470   11.822    9.861    8.478    7.599    7.150
  250.      58.941   19.550   14.680   11.263    8.708    6.817    5.496    4.676    4.285
  275.      58.113   16.156   11.537    8.236    5.751    3.912    2.637    1.861    1.511
  300.      57.358   13.004    8.581    5.370    2.939    1.140   -0.101   -0.844   -1.162
  325.      56.662   10.054    5.787    2.647    0.258   -1.510   -2.724   -3.442   -3.736
  350.      56.019    7.271    3.130    0.046   -2.310   -4.053   -5.246   -5.944   -6.218
  375.      55.419    4.624    0.586   -2.452   -4.782   -6.505   -7.681   -8.363   -8.622
  400.      54.859    2.086   -1.867   -4.868   -7.175   -8.882  -10.045  -10.714  -10.961
  425.      54.332   -0.367   -4.250   -7.220   -9.509  -11.202  -12.353  -13.012  -13.249
  450.      53.836   -2.757   -6.580   -9.524  -11.798  -13.480  -14.622  -15.271  -15.500
  475.      53.366   -5.101   -8.873  -11.795  -14.056  -15.729  -16.863  -17.505  -17.726
  500.      52.921   -7.415  -11.144  -14.048  -16.298  -17.963  -19.090  -19.726  -19.941
  525.      52.497   -9.712  -13.404  -16.292  -18.533  -20.191  -21.312  -21.942  -22.152
  550.      52.093  -12.003  -15.663  -18.537  -20.769  -22.422  -23.538  -24.164  -24.369
  575.      51.707  -14.295  -17.927  -20.789  -23.015  -24.662  -25.774  -26.396  -26.597
  600.      51.337  -16.595  -20.202  -23.053  -25.273  -26.916  -28.024  -28.642  -28.840
  625.      50.982  -18.904  -22.490  -25.332  -27.546  -29.185  -30.290  -30.905  -31.100
  650.      50.642  -21.225  -24.792  -27.626  -29.835  -31.471  -32.572  -33.185  -33.377
  675.      50.314  -23.555  -27.106  -29.932  -32.137  -33.770  -34.869  -35.479  -35.669
  700.      49.998  -25.892  -29.427  -32.247  -34.448  -36.078  -37.175  -37.783  -37.971
  725.      49.693  -28.229  -31.751  -34.565  -36.763  -38.390  -39.485  -40.091  -40.277
  750.      49.399  -30.560  -34.069  -36.878  -39.073  -40.698  -41.791  -42.395  -42.580
  775.      49.114  -32.875  -36.374  -39.178  -41.370  -42.993  -44.084  -44.687  -44.870
  800.      48.838  -35.166  -38.654  -41.454  -43.644  -45.265  -46.355  -46.956  -47.137
  825.      48.571  -37.420  -40.899  -43.695  -45.883  -47.503  -48.591  -49.191  -49.371
  850.      48.312  -39.628  -43.098  -45.891  -48.077  -49.695  -50.782  -51.380  -51.560
  875.      48.060  -41.776  -45.239  -48.029  -50.212  -51.829  -52.915  -53.513  -53.691
  900.      47.815  -43.855  -47.311  -50.097  -52.280  -53.895  -54.980  -55.577  -55.754
  925.      47.577  -45.853  -49.303  -52.087  -54.267  -55.882  -56.965  -57.561  -57.738
  950.      47.346  -47.761  -51.205  -53.986  -56.165  -57.779  -58.862  -59.457  -59.632
  975.      47.120  -49.570  -53.009  -55.788  -57.966  -59.578  -60.660  -61.255  -61.430
 1000.      46.900  -51.275  -54.709  -57.485  -59.662  -61.274  -62.355  -62.948  -63.123