             max     1200m     600m     300m     150m     75m     37.5m     20m      10m 

    1.     106.900  106.357  105.243  103.120  100.318   97.385   94.636   92.181   89.976
    2.     100.879  100.285   98.858   96.120   92.674   89.208   86.001   83.091   80.275
    3.      97.358   96.731   95.096   91.969   88.143   84.350   80.823   77.530   74.166
    4.      94.859   94.208   92.412   88.993   84.885   80.831   77.015   73.355   69.518
    5.      92.921   92.250   90.320   86.660   82.314   78.021   73.925   69.921   65.699
    6.      91.337   90.649   88.600   84.727   80.163   75.641   71.272   66.958   62.436
    7.      89.998   89.294   87.135   83.063   78.292   73.542   68.916   64.332   59.580
    8.      88.838   88.119   85.853   81.589   76.613   71.642   66.778   61.967   57.041
    9.      87.815   87.080   84.707   80.252   75.073   69.890   64.813   59.814   54.756
   10.      86.900   86.148   83.666   79.018   73.638   68.255   62.990   57.838   52.680
   11.      86.072   85.301   82.704   77.859   72.284   66.716   61.289   56.013   50.778
   12.      85.316   84.525   81.805   76.760   70.996   65.259   59.694   54.318   49.026
   13.      84.621   83.807   80.954   75.706   69.763   63.876   58.195   52.739   47.401
   14.      83.977   83.136   80.141   74.690   68.578   62.559   56.782   51.260   45.887
   15.      83.378   82.506   79.358   73.703   67.437   61.303   55.445   49.870   44.472
   16.      82.818   81.910   78.597   72.744   66.336   60.104   54.178   48.561   43.142
   17.      82.291   81.343   77.855   71.808   65.273   58.956   52.975   47.324   41.890
   18.      81.795   80.801   77.126   70.894   64.245   57.856   51.829   46.152   40.707
   19.      81.325   80.279   76.410   70.001   63.252   56.801   50.738   45.039   39.587
   20.      80.879   79.774   75.703   69.129   62.291   55.789   49.695   43.981   38.524
   25.      78.941   77.430   72.290   65.057   57.923   51.268   45.097   39.353   33.907
   30.      77.358   75.247   69.082   61.436   54.161   47.459   41.290   35.575   30.181
   35.      76.019   73.138   66.099   58.194   50.859   44.171   38.053   32.409   27.102
   40.      74.859   71.082   63.332   55.251   47.902   41.268   35.239   29.704   24.518
   45.      73.836   69.083   60.747   52.533   45.199   38.653   32.748   27.356   22.324
   50.      72.921   67.139   58.301   49.978   42.685   36.256   30.508   25.292   20.446
   55.      72.093   65.243   55.958   47.543   40.314   34.030   28.468   23.456   18.824
   60.      71.337   63.382   53.684   45.196   38.055   31.942   26.591   21.808   17.414
   65.      70.642   61.540   51.458   42.920   35.891   29.972   24.851   20.316   16.178
   70.      69.998   59.705   49.267   40.704   33.813   28.106   23.232   18.958   15.085
   75.      69.399   57.866   47.106   38.550   31.820   26.340   21.721   17.713   14.110
   80.      68.838   56.017   44.974   36.461   29.913   24.670   20.309   16.567   13.233
   85.      68.312   54.155   42.877   34.444   28.095   23.095   18.990   15.509   12.436
   90.      67.815   52.283   40.823   32.504   26.370   21.612   17.757   14.527   11.704
   95.      67.346   50.403   38.820   30.650   24.739   20.219   16.604   13.612   11.025
  100.      66.900   48.523   36.877   28.884   23.201   18.913   15.524   12.755   10.389
  110.      66.072   44.791   33.195   25.625   20.397   16.539   13.560   11.189    9.211
  120.      65.316   41.153   29.817   22.720   17.923   14.444   11.814    9.775    8.121
  130.      64.621   37.666   26.751   20.139   15.733   12.578   10.237    8.472    7.082
  140.      63.977   34.370   23.982   17.837   13.775   10.892    8.790    7.246    6.070
  150.      63.378   31.288   21.481   15.769   12.002    9.346    7.438    6.075    5.072
  160.      62.818   28.427   19.214   13.890   10.376    7.907    6.157    4.939    4.076
  170.      62.291   25.779   17.146   12.164    8.862    6.548    4.927    3.828    3.079
  180.      61.795   23.330   15.244   10.561    7.437    5.251    3.736    2.732    2.077
  190.      61.325   21.064   13.482    9.055    6.082    4.001    2.572    1.648    1.070
  200.      60.879   18.959   11.834    7.629    4.781    2.788    1.431    0.572    0.058
  225.      59.856   14.287    8.101    4.322    1.709   -0.123   -1.349   -2.089   -2.486
  250.      58.941   10.263    4.767    1.279   -1.177   -2.904   -4.045   -4.708   -5.026
  275.      58.113    6.706    1.713   -1.572   -3.922   -5.578   -6.662   -7.273   -7.539
  300.      57.358    3.496   -1.130   -4.273   -6.548   -8.154   -9.199   -9.775  -10.003
  325.      56.662    0.549   -3.805   -6.844   -9.066  -10.638  -11.654  -12.205  -12.407
  350.      56.019   -2.189   -6.340   -9.303  -11.486  -13.032  -14.029  -14.561  -14.743
  375.      55.419   -4.759   -8.757  -11.663  -13.817  -15.344  -16.326  -16.844  -17.013
  400.      54.859   -7.195  -11.075  -13.937  -16.069  -17.582  -18.552  -19.060  -19.217
  425.      54.332   -9.521  -13.308  -16.137  -18.252  -19.754  -20.715  -21.215  -21.365
  450.      53.836  -11.758  -15.474  -18.276  -20.378  -21.871  -22.825  -23.319  -23.462
  475.      53.366  -13.927  -17.585  -20.366  -22.458  -23.944  -24.893  -25.382  -25.520
  500.      52.921  -16.044  -19.655  -22.420  -24.503  -25.983  -26.928  -27.413  -27.547
  525.      52.497  -18.124  -21.697  -24.448  -26.524  -28.000  -28.942  -29.424  -29.554
  550.      52.093  -20.180  -23.722  -26.462  -28.533  -30.005  -30.944  -31.423  -31.551
  575.      51.707  -22.224  -25.741  -28.471  -30.538  -32.007  -32.943  -33.420  -33.546
  600.      51.337  -24.267  -27.762  -30.485  -32.547  -34.014  -34.948  -35.424  -35.548
  625.      50.982  -26.317  -29.794  -32.510  -34.569  -36.034  -36.967  -37.441  -37.564
  650.      50.642  -28.380  -31.842  -34.553  -36.610  -38.072  -39.004  -39.477  -39.598
  675.      50.314  -30.463  -33.911  -36.618  -38.672  -40.133  -41.063  -41.535  -41.655
  700.      49.998  -32.566  -36.004  -38.706  -40.758  -42.218  -43.147  -43.618  -43.738
  725.      49.693  -34.692  -38.120  -40.819  -42.870  -44.329  -45.257  -45.727  -45.846
  750.      49.399  -36.839  -40.259  -42.955  -45.004  -46.462  -47.390  -47.859  -47.977
  775.      49.114  -39.004  -42.417  -45.111  -47.158  -48.615  -49.542  -50.011  -50.129
  800.      48.838  -41.182  -44.588  -47.279  -49.326  -50.782  -51.709  -52.177  -52.294
  825.      48.571  -43.364  -46.765  -49.454  -51.500  -52.956  -53.881  -54.349  -54.466
  850.      48.312  -45.541  -48.937  -51.625  -53.670  -55.125  -56.050  -56.518  -56.634
  875.      48.060  -47.704  -51.095  -53.782  -55.825  -57.280  -58.205  -58.672  -58.789
  900.      47.815  -49.838  -53.226  -55.911  -57.954  -59.409  -60.333  -60.800  -60.916
  925.      47.577  -51.932  -55.317  -58.000  -60.043  -61.497  -62.421  -62.888  -63.004
  950.      47.346  -53.972  -57.354  -60.036  -62.078  -63.532  -64.456  -64.922  -65.038
  975.      47.120  -55.945  -59.323  -62.005  -64.047  -65.500  -66.424  -66.890  -67.005
 1000.      46.900  -57.837  -61.214  -63.895  -65.936  -67.389  -68.312  -68.778  -68.893