             max     1200m     600m     300m     150m     75m     37.5m     20m      10m 

    1.     106.900  106.732  106.328  105.319  103.509  101.148   98.662   96.509   94.233
    2.     100.879  100.635   99.926   98.138   95.276   92.000   88.762   85.910   82.427
    3.      97.358   97.054   96.089   93.718   90.219   86.423   82.671   79.135   74.501
    4.      94.859   94.505   93.317   90.481   86.522   82.310   78.077   73.847   68.368
    5.      92.921   92.522   91.132   87.906   83.569   79.006   74.253   69.412   63.440
    6.      91.337   90.898   89.321   85.751   81.072   76.172   70.908   65.580   59.326
    7.      89.998   89.521   87.767   83.880   78.912   73.643   67.909   62.216   55.804
    8.      88.838   88.324   86.400   82.211   76.970   71.329   65.186   59.227   52.734
    9.      87.815   87.266   85.173   80.707   75.181   69.181   62.696   56.544   50.019
   10.      86.900   86.316   84.052   79.331   73.507   67.169   60.406   54.149   47.590
   11.      86.072   85.452   83.015   78.043   71.922   65.277   58.291   51.989   45.398
   12.      85.316   84.660   82.061   76.822   70.408   63.490   56.329   50.015   43.403
   13.      84.621   83.927   81.165   75.653   68.956   61.800   54.502   48.200   41.577
   14.      83.977   83.244   80.313   74.524   67.558   60.198   52.816   46.523   39.897
   15.      83.378   82.608   79.497   73.429   66.210   58.677   51.276   44.967   38.345
   16.      82.818   82.009   78.708   72.361   64.909   57.231   49.836   43.519   36.904
   17.      82.291   81.442   77.942   71.316   63.652   55.853   48.484   42.166   35.564
   18.      81.795   80.903   77.192   70.293   62.437   54.557   47.212   40.898   34.312
   19.      81.325   80.387   76.455   69.289   61.260   53.367   46.011   39.706   33.142
   20.      80.879   79.893   75.728   68.303   60.121   52.235   44.874   38.584   32.044
   25.      78.941   77.642   72.179   63.628   55.121   47.266   39.972   33.810   27.448
   30.      77.358   75.604   68.706   59.475   50.933   43.134   36.014   30.064   23.966
   35.      76.019   73.633   65.291   55.784   47.191   39.544   32.683   27.018   21.259
   40.      74.859   71.641   62.125   52.298   43.743   36.325   29.794   24.470   19.114
   45.      73.836   69.571   59.021   48.952   40.514   33.389   27.238   22.298   17.385
   50.      72.921   67.447   55.936   45.725   37.476   30.694   24.957   20.421   15.967
   55.      72.093   65.223   52.874   42.624   34.630   28.226   22.916   18.784   14.787
   60.      71.337   62.869   49.858   39.673   31.988   25.978   21.090   17.350   13.788
   65.      70.642   60.403   46.919   36.896   29.558   23.944   19.461   16.087   12.927
   70.      69.998   57.862   44.088   34.310   27.343   22.113   18.007   14.968   12.171
   75.      69.399   55.285   41.391   31.926   25.337   20.471   16.708   13.969   11.495
   80.      68.838   52.709   38.847   29.743   23.527   18.997   15.543   13.069   10.878
   85.      68.312   50.169   36.467   27.753   21.895   17.673   14.493   12.251   10.305
   90.      67.815   47.690   34.254   25.942   20.422   16.476   13.537   11.497    9.764
   95.      67.346   45.293   32.204   24.294   19.087   15.389   12.661   10.796    9.245
  100.      66.900   42.991   30.310   22.792   17.871   14.392   11.848   10.134    8.741
  110.      66.072   38.707   26.943   20.153   15.726   12.611   10.367    8.897    7.755
  120.      65.316   34.861   24.054   17.896   13.867   11.035    9.018    7.731    6.775
  130.      64.621   31.431   21.542   15.917   12.205    9.591    7.748    6.599    5.784
  140.      63.977   28.371   19.320   14.137   10.677    8.234    6.524    5.480    4.772
  150.      63.378   25.629   17.319   12.499    9.240    6.930    5.323    4.362    3.738
  160.      62.818   23.151   15.485   10.963    7.865    5.660    4.135    3.238    2.679
  170.      62.291   20.890   13.778    9.500    6.532    4.410    2.950    2.104    1.599
  180.      61.795   18.808   12.168    8.092    5.228    3.174    1.765    0.961    0.499
  190.      61.325   16.872   10.634    6.724    3.946    1.946    0.580   -0.191   -0.618
  200.      60.879   15.056    9.160    5.388    2.680    0.726   -0.607   -1.350   -1.747
  225.      59.856   10.915    5.669    2.152   -0.427   -2.301   -3.571   -4.264   -4.605
  250.      58.941    7.187    2.383   -0.966   -3.462   -5.283   -6.513   -7.174   -7.477
  275.      58.113    3.749   -0.747   -3.982   -6.421   -8.207   -9.410  -10.049  -10.327
  300.      57.358    0.533   -3.744   -6.899   -9.299  -11.060  -12.245  -12.868  -13.128
  325.      56.662   -2.503   -6.621   -9.718  -12.090  -13.834  -15.005  -15.617  -15.865
  350.      56.019   -5.387   -9.387  -12.442  -14.793  -16.524  -17.686  -18.290  -18.529
  375.      55.419   -8.140  -12.051  -15.074  -17.410  -19.131  -20.286  -20.884  -21.116
  400.      54.859  -10.779  -14.622  -17.621  -19.945  -21.659  -22.808  -23.402  -23.629
  425.      54.332  -13.321  -17.110  -20.090  -22.405  -24.113  -25.257  -25.848  -26.072
  450.      53.836  -15.778  -19.525  -22.490  -24.797  -26.501  -27.642  -28.230  -28.451
  475.      53.366  -18.164  -21.878  -24.830  -27.132  -28.832  -29.971  -30.557  -30.775
  500.      52.921  -20.493  -24.179  -27.122  -29.419  -31.116  -32.253  -32.837  -33.054
  525.      52.497  -22.776  -26.440  -29.375  -31.669  -33.364  -34.498  -35.081  -35.296
  550.      52.093  -25.027  -28.673  -31.601  -33.891  -35.584  -36.718  -37.299  -37.513
  575.      51.707  -27.256  -30.886  -33.809  -36.097  -37.788  -38.920  -39.501  -39.714
  600.      51.337  -29.473  -33.090  -36.009  -38.294  -39.984  -41.115  -41.695  -41.907
  625.      50.982  -31.688  -35.294  -38.209  -40.492  -42.181  -43.312  -43.891  -44.102
  650.      50.642  -33.907  -37.505  -40.416  -42.698  -44.386  -45.516  -46.095  -46.305
  675.      50.314  -36.138  -39.728  -42.636  -44.917  -46.604  -47.733  -48.312  -48.522
  700.      49.998  -38.384  -41.967  -44.873  -47.153  -48.839  -49.968  -50.546  -50.755
  725.      49.693  -40.647  -44.223  -47.128  -49.406  -51.092  -52.220  -52.798  -53.007
  750.      49.399  -42.924  -46.496  -49.399  -51.676  -53.361  -54.489  -55.066  -55.275
  775.      49.114  -45.214  -48.781  -51.682  -53.959  -55.644  -56.771  -57.348  -57.557
  800.      48.838  -47.508  -51.072  -53.971  -56.248  -57.932  -59.059  -59.636  -59.844
  825.      48.571  -49.799  -53.358  -56.257  -58.532  -60.217  -61.343  -61.920  -62.128
  850.      48.312  -52.073  -55.629  -58.527  -60.802  -62.485  -63.612  -64.188  -64.396
  875.      48.060  -54.316  -57.870  -60.766  -63.041  -64.725  -65.851  -66.427  -66.635
  900.      47.815  -56.513  -60.065  -62.960  -65.235  -66.918  -68.044  -68.620  -68.828
  925.      47.577  -58.647  -62.197  -65.091  -67.365  -69.048  -70.174  -70.750  -70.958
  950.      47.346  -60.701  -64.249  -67.143  -69.417  -71.099  -72.225  -72.801  -73.008
  975.      47.120  -62.660  -66.205  -69.099  -71.372  -73.055  -74.180  -74.756  -74.964
 1000.      46.900  -64.508  -68.052  -70.945  -73.218  -74.901  -76.026  -76.602  -76.809