             max     1200m     600m     300m     150m     75m     37.5m     20m      10m 

    1.     106.900  106.732  106.328  105.319  103.509  101.148   98.662   96.509   94.233
    2.     100.879  100.647   99.972   98.251   95.445   92.187   88.943   86.063   82.711
    3.      97.358   97.077   96.182   93.925   90.502   86.732   82.996   79.573   75.466
    4.      94.859   94.539   93.451   90.763   86.888   82.726   78.565   74.676   70.027
    5.      92.921   92.565   91.304   88.248   84.003   79.501   74.957   70.683   65.657
    6.      91.337   90.949   89.526   86.141   81.573   76.760   71.875   67.294   62.006
    7.      89.998   89.580   88.001   84.314   79.451   74.349   69.167   64.345   58.874
    8.      88.838   88.391   86.660   82.686   77.547   72.180   66.743   61.735   56.136
    9.      87.815   87.339   85.457   81.206   75.807   70.199   64.548   59.397   53.705
   10.      86.900   86.395   84.359   79.839   74.194   68.369   62.541   57.280   51.522
   11.      86.072   85.538   83.344   78.558   72.684   66.667   60.693   55.348   49.543
   12.      85.316   84.751   82.394   77.348   71.260   65.075   58.982   53.573   47.736
   13.      84.621   84.023   81.495   76.194   69.909   63.580   57.390   51.933   46.073
   14.      83.977   83.345   80.638   75.088   68.623   62.170   55.903   50.409   44.536
   15.      83.378   82.708   79.815   74.022   67.396   60.836   54.508   48.989   43.109
   16.      82.818   82.107   79.018   72.993   66.220   59.572   53.196   47.658   41.777
   17.      82.291   81.536   78.243   71.996   65.094   58.371   51.957   46.409   40.531
   18.      81.795   80.991   77.487   71.028   64.011   57.227   50.786   45.232   39.362
   19.      81.325   80.469   76.745   70.088   62.971   56.136   49.675   44.120   38.261
   20.      80.879   79.966   76.017   69.173   61.969   55.093   48.619   43.068   37.223
   25.      78.941   77.659   72.530   64.947   57.457   50.483   44.017   38.529   32.791
   30.      77.358   75.604   69.260   61.212   53.606   46.649   40.271   34.900   29.313
   35.      76.019   73.633   66.197   57.871   50.246   43.372   37.130   31.910   26.509
   40.      74.859   71.641   63.329   54.843   47.258   40.508   34.437   29.394   24.203
   45.      73.836   69.571   60.636   52.066   44.561   37.965   32.087   27.239   22.275
   50.      72.921   67.447   58.096   49.494   42.098   35.677   30.009   25.367   20.641
   55.      72.093   65.425   55.688   47.095   39.830   33.599   28.150   23.722   19.239
   60.      71.337   63.427   53.398   44.844   37.727   31.696   26.473   22.260   18.021
   65.      70.642   61.454   51.214   42.726   35.771   29.945   24.948   20.949   16.951
   70.      69.998   59.511   49.126   40.727   33.944   28.327   23.554   19.764   16.000
   75.      69.399   57.605   47.129   38.839   32.235   26.825   22.271   18.684   15.145
   80.      68.838   55.738   45.218   37.054   30.632   25.427   21.086   17.692   14.368
   85.      68.312   53.914   43.389   35.364   29.128   24.122   19.985   16.776   13.655
   90.      67.815   52.135   41.639   33.764   27.713   22.901   18.957   15.924   12.994
   95.      67.346   50.402   39.964   32.249   26.380   21.754   17.995   15.126   12.375
  100.      66.900   48.717   38.362   30.812   25.123   20.675   17.089   14.375   11.791
  110.      66.072   45.491   35.364   28.153   22.808   18.690   15.421   12.985   10.700
  120.      65.316   42.457   32.617   25.747   20.722   16.898   13.906   11.711    9.683
  130.      64.621   39.612   30.096   23.557   18.825   15.262   12.510   10.523    8.715
  140.      63.977   36.945   27.774   21.550   17.082   13.748   11.205    9.397    7.777
  150.      63.378   34.447   25.627   19.698   15.466   12.333    9.971    8.317    6.859
  160.      62.818   32.104   23.632   17.974   13.955   10.997    8.792    7.270    5.951
  170.      62.291   29.903   21.768   16.360   12.529    9.725    7.656    6.249    5.051
  180.      61.795   27.831   20.017   14.837   11.173    8.505    6.554    5.247    4.153
  190.      61.325   25.876   18.366   13.392    9.877    7.328    5.480    4.260    3.257
  200.      60.879   24.025   16.800   12.013    8.631    6.186    4.428    3.284    2.362
  225.      59.856   19.788   13.191    8.798    5.686    3.452    1.876    0.885    0.125
  250.      58.941   16.003    9.922    5.835    2.928    0.851   -0.591   -1.470   -2.108
  275.      58.113   12.567    6.905    3.058    0.309   -1.650   -2.991   -3.785   -4.330
  300.      57.358    9.403    4.084    0.425   -2.202   -4.069   -5.332   -6.061   -6.534
  325.      56.662    6.456    1.415   -2.092   -4.622   -6.417   -7.621   -8.299   -8.715
  350.      56.019    3.683   -1.129   -4.514   -6.967   -8.705   -9.861  -10.499  -10.870
  375.      55.419    1.050   -3.572   -6.858   -9.248  -10.941  -12.058  -12.663  -12.999
  400.      54.859   -1.470   -5.933   -9.137  -11.476  -13.131  -14.217  -14.797  -15.104
  425.      54.332   -3.897   -8.229  -11.364  -13.661  -15.285  -16.345  -16.903  -17.187
  450.      53.836   -6.252  -10.471  -13.549  -15.811  -17.410  -18.449  -18.989  -19.253
  475.      53.366   -8.551  -12.675  -15.704  -17.936  -19.513  -20.534  -21.060  -21.307
  500.      52.921  -10.807  -14.850  -17.838  -20.045  -21.603  -22.609  -23.122  -23.356
  525.      52.497  -13.034  -17.006  -19.959  -22.144  -23.687  -24.680  -25.183  -25.405
  550.      52.093  -15.243  -19.154  -22.077  -24.243  -25.772  -26.754  -27.248  -27.461
  575.      51.707  -17.443  -21.301  -24.197  -26.347  -27.865  -28.837  -29.323  -29.527
  600.      51.337  -19.642  -23.454  -26.327  -28.463  -29.970  -30.934  -31.413  -31.610
  625.      50.982  -21.848  -25.618  -28.471  -30.595  -32.093  -33.050  -33.523  -33.714
  650.      50.642  -24.064  -27.798  -30.633  -32.746  -34.237  -35.187  -35.654  -35.840
  675.      50.314  -26.294  -29.996  -32.815  -34.919  -36.402  -37.347  -37.810  -37.990
  700.      49.998  -28.540  -32.213  -35.018  -37.113  -38.591  -39.530  -39.989  -40.165
  725.      49.693  -30.801  -34.449  -37.241  -39.328  -40.800  -41.735  -42.190  -42.363
  750.      49.399  -33.074  -36.699  -39.480  -41.560  -43.027  -43.959  -44.410  -44.579
  775.      49.114  -35.356  -38.960  -41.731  -43.805  -45.268  -46.195  -46.644  -46.810
  800.      48.838  -37.639  -41.225  -43.986  -46.055  -47.514  -48.438  -48.884  -49.047
  825.      48.571  -39.917  -43.485  -46.239  -48.302  -49.758  -50.679  -51.122  -51.283
  850.      48.312  -42.179  -45.732  -48.478  -50.537  -51.989  -52.907  -53.349  -53.507
  875.      48.060  -44.414  -47.954  -50.693  -52.748  -54.196  -55.113  -55.552  -55.708
  900.      47.815  -46.612  -50.138  -52.871  -54.922  -56.368  -57.282  -57.720  -57.874
  925.      47.577  -48.758  -52.273  -55.000  -57.048  -58.491  -59.403  -59.839  -59.992
  950.      47.346  -50.841  -54.345  -57.067  -59.112  -60.553  -61.463  -61.898  -62.049
  975.      47.120  -52.849  -56.343  -59.060  -61.102  -62.541  -63.450  -63.883  -64.033
 1000.      46.900  -54.770  -58.255  -60.968  -63.007  -64.444  -65.351  -65.783  -65.931