             max     1200m     600m     300m     150m     75m     37.5m     20m      10m 

    1.     106.900  106.732  106.328  105.319  103.509  101.148   98.662   96.509   94.233
    2.     100.879  100.632   99.916   98.116   95.244   91.971   88.758   85.910   82.427
    3.      97.358   97.049   96.070   93.677   90.171   86.395   82.671   79.135   74.501
    4.      94.859   94.498   93.289   90.429   86.474   82.308   78.077   73.847   68.368
    5.      92.921   92.513   91.099   87.851   83.536   79.006   74.253   69.412   63.385
    6.      91.337   90.887   89.284   85.701   81.068   76.172   70.908   65.580   59.209
    7.      89.998   89.509   87.729   83.845   78.912   73.643   67.909   62.216   55.628
    8.      88.838   88.312   86.365   82.198   76.970   71.329   65.186   59.227   52.499
    9.      87.815   87.253   85.144   80.707   75.181   69.181   62.696   56.544   49.725
   10.      86.900   86.304   84.035   79.331   73.507   67.169   60.406   54.116   47.236
   11.      86.072   85.442   83.013   78.043   71.922   65.277   58.291   51.901   44.981
   12.      85.316   84.652   82.061   76.822   70.408   63.490   56.329   49.867   42.922
   13.      84.621   83.922   81.165   75.653   68.956   61.800   54.502   47.989   41.029
   14.      83.977   83.243   80.313   74.524   67.558   60.198   52.794   46.245   39.279
   15.      83.378   82.608   79.497   73.429   66.210   58.677   51.191   44.619   37.653
   16.      82.818   82.009   78.708   72.361   64.909   57.231   49.682   43.096   36.137
   17.      82.291   81.442   77.942   71.316   63.652   55.853   48.257   41.665   34.717
   18.      81.795   80.903   77.192   70.293   62.437   54.537   46.908   40.316   33.384
   19.      81.325   80.387   76.455   69.289   61.260   53.278   45.627   39.041   32.129
   20.      80.879   79.893   75.728   68.303   60.121   52.072   44.407   37.832   30.945
   25.      78.941   77.642   72.179   63.628   54.906   46.684   39.051   32.596   25.889
   30.      77.358   75.604   68.706   59.317   50.306   42.081   34.599   28.355   21.921
   35.      76.019   73.633   65.291   55.280   46.119   37.994   30.756   24.802   18.729
   40.      74.859   71.641   61.921   51.427   42.210   34.269   27.352   21.754   16.114
   45.      73.836   69.571   58.580   47.703   38.510   30.826   24.292   19.099   13.939
   50.      72.921   67.388   55.252   44.085   34.999   27.634   21.526   16.766   12.108
   55.      72.093   65.076   51.937   40.581   31.681   24.685   19.028   14.707   10.548
   60.      71.337   62.636   48.650   37.214   28.576   21.982   16.779   12.884    9.201
   65.      70.642   60.085   45.413   34.012   25.699   19.525   14.761   11.268    8.025
   70.      69.998   57.448   42.256   31.001   23.060   17.305   12.957    9.831    6.984
   75.      69.399   54.753   39.207   28.196   20.658   15.308   11.343    8.546    6.050
   80.      68.838   52.029   36.292   25.607   18.482   13.516    9.896    7.390    5.200
   85.      68.312   49.305   33.529   23.230   16.516   11.905    8.594    6.342    4.416
   90.      67.815   46.606   30.929   21.057   14.740   10.452    7.413    5.381    3.683
   95.      67.346   43.955   28.496   19.074   13.131    9.135    6.334    4.493    2.990
  100.      66.900   41.369   26.230   17.262   11.669    7.933    5.339    3.662    2.327
  110.      66.072   36.454   22.170   14.082    9.102    5.800    3.544    2.131    1.061
  120.      65.316   31.936   18.668   11.377    6.899    3.934    1.934    0.716   -0.158
  130.      64.621   27.838   15.628    9.027    4.953    2.249    0.443   -0.628   -1.356
  140.      63.977   24.145   12.958    6.939    3.187    0.686   -0.972   -1.932   -2.550
  150.      63.378   20.821   10.577    5.042    1.548   -0.794   -2.338   -3.213   -3.746
  160.      62.818   17.823    8.421    3.287   -0.002   -2.219   -3.674   -4.482   -4.950
  170.      62.291   15.102    6.440    1.637   -1.486   -3.604   -4.989   -5.745   -6.161
  180.      61.795   12.617    4.597    0.066   -2.923   -4.962   -6.290   -7.004   -7.380
  190.      61.325   10.329    2.863   -1.442   -4.322   -6.297   -7.581   -8.261   -8.604
  200.      60.879    8.208    1.216   -2.901   -5.692   -7.614   -8.861   -9.515   -9.831
  225.      59.856    3.469   -2.610   -6.382   -9.011  -10.839  -12.020  -12.626  -12.895
  250.      58.941   -0.679   -6.132   -9.678  -12.202  -13.970  -15.110  -15.685  -15.923
  275.      58.113   -4.412   -9.429  -12.821  -15.275  -17.003  -18.115  -18.670  -18.888
  300.      57.358   -7.834  -12.542  -15.826  -18.232  -19.933  -21.026  -21.567  -21.771
  325.      56.662  -11.013  -15.497  -18.705  -21.077  -22.758  -23.837  -24.368  -24.562
  350.      56.019  -13.996  -18.314  -21.466  -23.813  -25.479  -26.549  -27.073  -27.260
  375.      55.419  -16.816  -21.009  -24.120  -26.447  -28.103  -29.166  -29.684  -29.866
  400.      54.859  -19.500  -23.597  -26.676  -28.989  -30.638  -31.695  -32.209  -32.387
  425.      54.332  -22.070  -26.093  -29.147  -31.450  -33.092  -34.144  -34.656  -34.830
  450.      53.836  -24.545  -28.510  -31.545  -33.839  -35.476  -36.525  -37.034  -37.206
  475.      53.366  -26.943  -30.861  -33.881  -36.168  -37.801  -38.848  -39.355  -39.525
  500.      52.921  -29.279  -33.160  -36.167  -38.449  -40.079  -41.123  -41.629  -41.798
  525.      52.497  -31.566  -35.417  -38.414  -40.691  -42.319  -43.362  -43.866  -44.034
  550.      52.093  -33.818  -37.644  -40.633  -42.906  -44.532  -45.574  -46.077  -46.243
  575.      51.707  -36.045  -39.850  -42.832  -45.103  -46.727  -47.767  -48.269  -48.435
  600.      51.337  -38.257  -42.044  -45.021  -47.289  -48.911  -49.951  -50.452  -50.617
  625.      50.982  -40.460  -44.233  -47.205  -49.471  -51.092  -52.131  -52.631  -52.796
  650.      50.642  -42.661  -46.422  -49.389  -51.654  -53.274  -54.312  -54.812  -54.976
  675.      50.314  -44.864  -48.614  -51.579  -53.841  -55.461  -56.498  -56.998  -57.162
  700.      49.998  -47.072  -50.812  -53.774  -56.035  -57.654  -58.691  -59.190  -59.354
  725.      49.693  -49.284  -53.016  -55.975  -58.236  -59.854  -60.890  -61.389  -61.552
  750.      49.399  -51.498  -55.224  -58.181  -60.440  -62.058  -63.094  -63.593  -63.756
  775.      49.114  -53.712  -57.433  -60.387  -62.646  -64.263  -65.298  -65.797  -65.960
  800.      48.838  -55.920  -59.636  -62.589  -64.846  -66.463  -67.498  -67.997  -68.159
  825.      48.571  -58.115  -61.826  -64.778  -67.035  -68.651  -69.686  -70.184  -70.347
  850.      48.312  -60.289  -63.995  -66.946  -69.202  -70.818  -71.853  -72.351  -72.513
  875.      48.060  -62.431  -66.134  -69.083  -71.339  -72.954  -73.989  -74.487  -74.649
  900.      47.815  -64.530  -68.230  -71.179  -73.434  -75.049  -76.084  -76.582  -76.744
  925.      47.577  -66.577  -70.274  -73.221  -75.476  -77.092  -78.126  -78.624  -78.785
  950.      47.346  -68.559  -72.254  -75.200  -77.455  -79.070  -80.104  -80.602  -80.763
  975.      47.120  -70.466  -74.159  -77.104  -79.359  -80.973  -82.008  -82.505  -82.667
 1000.      46.900  -72.288  -75.979  -78.924  -81.178  -82.792  -83.826  -84.324  -84.485