             max     1200m     600m     300m     150m     75m     37.5m     20m      10m 

    1.     106.900  106.629  106.007  104.591  102.345   99.699   97.072   94.868   92.681
    2.     100.879  100.484   99.417   97.071   93.803   90.356   87.092   84.291   81.108
    3.      97.358   96.866   95.443   92.462   88.624   84.741   81.046   77.690   73.480
    4.      94.859   94.285   92.562   89.107   84.877   80.667   76.575   72.675   67.693
    5.      92.921   92.275   90.290   86.457   81.920   77.421   72.942   68.556   63.064
    6.      91.337   90.626   88.406   84.256   79.459   74.687   69.834   65.047   59.229
    7.      89.998   89.227   86.792   82.365   77.333   72.296   67.096   61.992   55.965
    8.      88.838   88.010   85.376   80.700   75.447   70.152   64.640   59.293   53.130
    9.      87.815   86.933   84.110   79.204   73.739   68.195   62.410   56.879   50.628
   10.      86.900   85.965   82.961   77.839   72.167   66.387   60.370   54.701   48.393
   11.      86.072   85.085   81.907   76.576   70.703   64.702   58.489   52.719   46.377
   12.      85.316   84.279   80.928   75.396   69.327   63.122   56.748   50.904   44.542
   13.      84.621   83.533   80.013   74.282   68.022   61.633   55.127   49.230   42.862
   14.      83.977   82.838   79.148   73.223   66.780   60.224   53.613   47.680   41.315
   15.      83.378   82.187   78.327   72.209   65.590   58.888   52.192   46.237   39.883
   16.      82.818   81.574   77.541   71.233   64.447   57.617   50.856   44.890   38.553
   17.      82.291   80.993   76.786   70.289   63.345   56.404   49.594   43.626   37.312
   18.      81.795   80.441   76.056   69.373   62.280   55.244   48.399   42.437   36.151
   19.      81.325   79.914   75.346   68.480   61.250   54.133   47.265   41.315   35.062
   20.      80.879   79.408   74.655   67.607   60.250   53.066   46.185   40.254   34.038
   25.      78.941   77.129   71.375   63.479   55.634   48.276   41.448   35.679   29.704
   30.      77.358   75.108   68.237   59.617   51.501   44.162   37.521   31.999   26.339
   35.      76.019   73.200   65.125   55.935   47.713   40.517   34.148   28.930   23.638
   40.      74.859   71.296   61.999   52.395   44.194   37.224   31.182   26.304   21.411
   45.      73.836   69.318   58.862   48.992   40.906   34.219   28.535   24.013   19.531
   50.      72.921   67.213   55.739   45.734   37.834   31.464   26.151   21.986   17.910
   55.      72.093   64.966   52.661   42.632   34.972   28.936   23.991   20.173   16.485
   60.      71.337   62.591   49.656   39.698   32.314   26.616   22.027   18.536   15.211
   65.      70.642   60.122   46.748   36.938   29.852   24.486   20.233   17.044   14.051
   70.      69.998   57.601   43.955   34.354   27.578   22.530   18.588   15.675   12.982
   75.      69.399   55.065   41.287   31.941   25.477   20.730   17.071   14.407   11.982
   80.      68.838   52.542   38.752   29.694   23.536   19.068   15.666   13.223   11.037
   85.      68.312   50.056   36.351   27.602   21.739   17.527   14.357   12.111   10.136
   90.      67.815   47.624   34.083   25.654   20.070   16.093   13.129   11.059    9.269
   95.      67.346   45.257   31.944   23.837   18.515   14.751   11.972   10.056    8.429
  100.      66.900   42.964   29.928   22.138   17.061   13.489   10.874    9.095    7.612
  110.      66.072   38.617   26.235   19.050   14.407   11.164    8.825    7.273    6.030
  120.      65.316   34.601   22.941   16.304   12.026    9.049    6.929    5.556    4.498
  130.      64.621   30.910   19.982   13.830    9.855    7.093    5.147    3.915    3.004
  140.      63.977   27.523   17.302   11.571    7.848    5.261    3.455    2.336    1.541
  150.      63.378   24.413   14.854    9.484    5.972    3.528    1.834    0.805    0.103
  160.      62.818   21.550   12.597    7.538    4.200    1.873    0.272   -0.684   -1.311
  170.      62.291   18.905   10.500    5.707    2.516    0.285   -1.241   -2.137   -2.702
  180.      61.795   16.452    8.537    3.972    0.904   -1.246   -2.710   -3.557   -4.070
  190.      61.325   14.166    6.689    2.319   -0.646   -2.728   -4.140   -4.945   -5.417
  200.      60.879   12.027    4.938    0.736   -2.141   -4.166   -5.534   -6.305   -6.741
  225.      59.856    7.208    0.905   -2.969   -5.677   -7.594   -8.880   -9.585   -9.955
  250.      58.941    2.977   -2.743   -6.385   -8.976  -10.819  -12.047  -12.709  -13.033
  275.      58.113   -0.816   -6.099   -9.573  -12.081  -13.871  -15.059  -15.689  -15.981
  300.      57.358   -4.275   -9.227  -12.577  -15.023  -16.774  -17.934  -18.541  -18.809
  325.      56.662   -7.473  -12.172  -15.427  -17.827  -19.550  -20.688  -21.277  -21.529
  350.      56.019  -10.466  -14.966  -18.150  -20.514  -22.214  -23.336  -23.913  -24.151
  375.      55.419  -13.294  -17.637  -20.764  -23.101  -24.784  -25.893  -26.459  -26.687
  400.      54.859  -15.988  -20.207  -23.288  -25.603  -27.273  -28.371  -28.930  -29.150
  425.      54.332  -18.575  -22.692  -25.737  -28.035  -29.694  -30.784  -31.336  -31.550
  450.      53.836  -21.074  -25.108  -28.124  -30.407  -32.057  -33.141  -33.688  -33.896
  475.      53.366  -23.501  -27.467  -30.459  -32.730  -34.374  -35.452  -35.995  -36.198
  500.      52.921  -25.872  -29.780  -32.752  -35.013  -36.651  -37.724  -38.264  -38.464
  525.      52.497  -28.195  -32.055  -35.010  -37.264  -38.896  -39.966  -40.503  -40.700
  550.      52.093  -30.481  -34.301  -37.241  -39.488  -41.116  -42.183  -42.717  -42.911
  575.      51.707  -32.737  -36.522  -39.450  -41.691  -43.315  -44.379  -44.912  -45.104
  600.      51.337  -34.968  -38.723  -41.641  -43.877  -45.498  -46.560  -47.090  -47.281
  625.      50.982  -37.178  -40.908  -43.817  -46.049  -47.667  -48.727  -49.256  -49.445
  650.      50.642  -39.373  -43.080  -45.981  -48.209  -49.825  -50.883  -51.411  -51.598
  675.      50.314  -41.552  -45.240  -48.135  -50.359  -51.974  -53.030  -53.556  -53.743
  700.      49.998  -43.719  -47.390  -50.278  -52.500  -54.113  -55.168  -55.693  -55.878
  725.      49.693  -45.873  -49.529  -52.412  -54.632  -56.243  -57.297  -57.821  -58.005
  750.      49.399  -48.015  -51.657  -54.536  -56.753  -58.363  -59.416  -59.939  -60.123
  775.      49.114  -50.144  -53.774  -56.649  -58.864  -60.472  -61.524  -62.047  -62.230
  800.      48.838  -52.258  -55.877  -58.748  -60.962  -62.569  -63.620  -64.143  -64.325
  825.      48.571  -54.355  -57.966  -60.834  -63.045  -64.652  -65.702  -66.224  -66.405
  850.      48.312  -56.435  -60.037  -62.901  -65.112  -66.717  -67.767  -68.288  -68.469
  875.      48.060  -58.493  -62.088  -64.950  -67.159  -68.764  -69.813  -70.334  -70.514
  900.      47.815  -60.528  -64.116  -66.975  -69.183  -70.787  -71.836  -72.356  -72.537
  925.      47.577  -62.537  -66.118  -68.975  -71.182  -72.786  -73.834  -74.354  -74.534
  950.      47.346  -64.515  -68.091  -70.946  -73.152  -74.755  -75.803  -76.323  -76.502
  975.      47.120  -66.461  -70.031  -72.885  -75.090  -76.693  -77.740  -78.259  -78.439
 1000.      46.900  -68.371  -71.937  -74.789  -76.993  -78.595  -79.642  -80.161  -80.340