             max     1200m     600m     300m     150m     75m     37.5m     20m      10m 

    1.     106.900  106.629  106.007  104.591  102.345   99.699   97.076   94.892   92.788
    2.     100.879  100.511   99.511   97.267   94.076   90.672   87.449   84.747   81.956
    3.      97.358   96.917   95.623   92.812   89.076   85.246   81.617   78.446   74.848
    4.      94.859   94.359   92.819   89.574   85.451   81.294   77.292   73.650   69.340
    5.      92.921   92.369   90.613   87.011   82.577   78.128   73.762   69.686   64.860
    6.      91.337   90.738   88.786   84.877   80.171   75.443   70.727   66.285   61.111
    7.      89.998   89.356   87.219   83.033   78.076   73.080   68.041   63.306   57.905
    8.      88.838   88.154   85.842   81.398   76.202   70.947   65.622   60.663   55.112
    9.      87.815   87.090   84.607   79.917   74.491   68.991   63.421   58.294   52.644
   10.      86.900   86.134   83.481   78.553   72.904   67.177   61.403   56.151   50.438
   11.      86.072   85.265   82.440   77.279   71.416   65.484   59.543   54.200   48.448
   12.      85.316   84.466   81.467   76.077   70.010   63.895   57.819   52.411   46.638
   13.      84.621   83.727   80.549   74.932   68.673   62.397   56.216   50.764   44.982
   14.      83.977   83.037   79.675   73.835   67.395   60.982   54.719   49.238   43.459
   15.      83.378   82.388   78.835   72.778   66.172   59.642   53.316   47.820   42.051
   16.      82.818   81.775   78.025   71.755   64.997   58.369   51.998   46.497   40.746
   17.      82.291   81.193   77.239   70.762   63.866   57.158   50.757   45.259   39.531
   18.      81.795   80.637   76.473   69.796   62.777   56.003   49.583   44.096   38.398
   19.      81.325   80.104   75.723   68.854   61.725   54.899   48.472   43.002   37.338
   20.      80.879   79.591   74.987   67.934   60.708   53.843   47.417   41.970   36.344
   25.      78.941   77.239   71.455   63.622   56.071   49.148   42.829   37.563   32.186
   30.      77.358   75.108   68.237   59.690   52.015   45.192   39.096   34.091   29.036
   35.      76.019   73.200   65.125   56.051   48.386   41.762   35.962   31.269   26.584
   40.      74.859   71.296   61.999   52.651   45.095   38.735   33.274   28.922   24.632
   45.      73.836   69.318   58.862   49.468   42.094   36.040   30.938   26.935   23.045
   50.      72.921   67.213   55.739   46.495   39.356   33.629   28.891   25.230   21.725
   55.      72.093   64.966   52.782   43.729   36.864   31.469   27.083   23.747   20.605
   60.      71.337   62.591   50.059   41.168   34.600   29.532   25.478   22.442   19.631
   65.      70.642   60.122   47.476   38.808   32.545   27.791   24.043   21.279   18.766
   70.      69.998   57.601   45.042   36.638   30.680   26.219   22.749   20.228   17.980
   75.      69.399   55.065   42.757   34.645   28.984   24.792   21.572   19.267   17.252
   80.      68.838   52.611   40.618   32.814   27.434   23.489   20.490   18.376   16.564
   85.      68.312   50.394   38.619   31.127   26.012   22.288   19.487   17.539   15.905
   90.      67.815   48.253   36.751   29.567   24.698   21.174   18.546   16.745   15.265
   95.      67.346   46.196   35.005   28.120   23.476   20.130   17.656   15.982   14.638
  100.      66.900   44.226   33.370   26.771   22.332   19.145   16.806   15.244   14.017
  110.      66.072   40.542   30.390   24.313   20.231   17.311   15.196   13.818   12.784
  120.      65.316   37.185   27.731   22.107   18.317   15.609   13.669   12.434   11.547
  130.      64.621   34.123   25.326   20.088   16.535   13.997   12.194   11.070   10.300
  140.      63.977   31.320   23.122   18.210   14.851   12.448   10.754    9.719    9.039
  150.      63.378   28.741   21.077   16.440   13.239   10.945    9.339    8.374    7.768
  160.      62.818   26.352   19.161   14.753   11.683    9.478    7.943    7.036    6.488
  170.      62.291   24.127   17.349   13.136   10.173    8.041    6.564    5.704    5.204
  180.      61.795   22.042   15.624   11.575    8.703    6.631    5.201    4.380    3.919
  190.      61.325   20.078   13.974   10.064    7.267    5.246    3.855    3.066    2.638
  200.      60.879   18.218   12.388    8.597    5.863    3.884    2.527    1.764    1.364
  225.      59.856   13.949    8.660    5.096    2.483    0.583   -0.711   -1.424   -1.774
  250.      58.941   10.111    5.211    1.806   -0.723   -2.569   -3.822   -4.500   -4.816
  275.      58.113    6.610    1.995   -1.296   -3.767   -5.575   -6.797   -7.452   -7.743
  300.      57.358    3.380   -1.021   -4.230   -6.657   -8.437   -9.638  -10.276  -10.550
  325.      56.662    0.375   -3.865   -7.011   -9.407  -11.166  -12.351  -12.976  -13.237
  350.      56.019   -2.444   -6.560   -9.657  -12.029  -13.772  -14.945  -15.561  -15.812
  375.      55.419   -5.108   -9.125  -12.186  -14.538  -16.269  -17.433  -18.041  -18.284
  400.      54.859   -7.642  -11.582  -14.613  -16.950  -18.672  -19.828  -20.431  -20.668
  425.      54.332  -10.072  -13.949  -16.956  -19.281  -20.995  -22.146  -22.743  -22.976
  450.      53.836  -12.416  -16.243  -19.231  -21.546  -23.254  -24.400  -24.993  -25.222
  475.      53.366  -14.695  -18.479  -21.452  -23.759  -25.462  -26.604  -27.194  -27.420
  500.      52.921  -16.925  -20.675  -23.634  -25.935  -27.633  -28.772  -29.360  -29.583
  525.      52.497  -19.121  -22.841  -25.790  -28.085  -29.780  -30.916  -31.502  -31.723
  550.      52.093  -21.296  -24.992  -27.931  -30.222  -31.914  -33.048  -33.632  -33.851
  575.      51.707  -23.463  -27.138  -30.069  -32.356  -34.045  -35.177  -35.760  -35.977
  600.      51.337  -25.630  -29.287  -32.212  -34.495  -36.183  -37.313  -37.894  -38.110
  625.      50.982  -27.806  -31.448  -34.367  -36.647  -38.333  -39.461  -40.041  -40.256
  650.      50.642  -29.997  -33.625  -36.539  -38.817  -40.501  -41.628  -42.207  -42.421
  675.      50.314  -32.207  -35.823  -38.733  -41.008  -42.691  -43.817  -44.395  -44.608
  700.      49.998  -34.437  -38.043  -40.949  -43.223  -44.904  -46.029  -46.607  -46.819
  725.      49.693  -36.687  -40.284  -43.186  -45.459  -47.139  -48.263  -48.840  -49.052
  750.      49.399  -38.955  -42.544  -45.444  -47.714  -49.394  -50.517  -51.094  -51.305
  775.      49.114  -41.236  -44.818  -47.715  -49.985  -51.663  -52.786  -53.362  -53.572
  800.      48.838  -43.524  -47.100  -49.994  -52.262  -53.940  -55.063  -55.638  -55.848
  825.      48.571  -45.810  -49.380  -52.272  -54.539  -56.216  -57.338  -57.913  -58.123
  850.      48.312  -48.083  -51.648  -54.538  -56.805  -58.481  -59.603  -60.177  -60.386
  875.      48.060  -50.332  -53.893  -56.781  -59.047  -60.723  -61.844  -62.418  -62.627
  900.      47.815  -52.545  -56.101  -58.988  -61.253  -62.928  -64.049  -64.623  -64.832
  925.      47.577  -54.707  -58.260  -61.146  -63.410  -65.085  -66.205  -66.779  -66.987
  950.      47.346  -56.806  -60.356  -63.240  -65.504  -67.178  -68.298  -68.872  -69.080
  975.      47.120  -58.829  -62.375  -65.259  -67.522  -69.196  -70.316  -70.889  -71.097
 1000.      46.900  -60.763  -64.307  -67.189  -69.452  -71.125  -72.245  -72.818  -73.026